Primrose 33.32 1.9 6.12 10 0
Jayvee 32.48 1.76 4.7 10 0
Kyaaah 33.9 1.68 5.91 8 2
[BLANK] 28.75 1.86 5.41 10 0
cristine 54.16 2.63 8.37 6 4
tin 32.07 2.0 5.17 9 1
kahehn tayoh 33.87 2.05 7.43 10 0
single 32.32 1.98 5.42 10 0
pahnes kayoh 5.02 0.07 4.03 0 10
spark 30.8 2.26 4.05 10 0
ohlol 32.37 2.16 5.19 9 1
credits 25.57 1.85 3.21 10 0
biriwrong 28.2 1.82 3.66 10 0
[] 26.07 1.7 4.82 10 0
[] 28.87 2.05 5.53 10 0
[] 31.98 2.13 5.18 10 0
[] 30.75 1.89 6.2 10 0
[] 31.25 2.37 5.4 10 0
skibidingdong 30.18 2.45 3.73 10 0
say-master 24.72 1.59 3.34 10 0
sensei 28.47 1.75 3.88 10 0
ohno 24.45 0.0 4.08 9 1
lolicon 4.51 0.1 3.45 0 10
[] 31.2 2.11 5.73 9 1
[] 29.29 2.29 5.36 9 1
[] 33.06 2.23 5.52 6 4
[] 32.36 1.83 6.45 9 1
[] 27.36 2.22 3.85 9 1
[] 29.51 0.02 7.21 8 2
[] 38.84 2.7 5.73 8 2
[] 38.68 2.2 8.96 9 1
[] 29.29 0.0 7.02 6 4
[] 31.28 1.95 4.53 10 0
[] 27.92 1.71 4.33 7 3
jayvee 40.53 1.93 6.26 10 0
[] 34.02 2.04 6.07 7 3
[] 26.3 1.67 3.65 7 3
[] 34.24 1.93 5.69 4 6
[] 30.15 1.8 6.45 5 5
[] 35.78 2.01 7.29 8 2
[] 31.88 1.75 6.61 6 4
ayra 37.62 1.98 5.13 7 3
ayra 7.52 0.04 5.17 0 10
ayra 35.31 2.22 5.57 10 0
[] 33.48 2.07 5.69 5 5
